[gd_scene load_steps=4 format=3 uid="uid://bwhlcwgtw6bm1"]

[ext_resource type="PackedScene" uid="uid://omrq41q53ogg" path="res://levels/foilage/uploads_files_2242278_AllModels_FBX/Ruins_01.fbx" id="1_jucy3"]
[ext_resource type="Texture2D" uid="uid://dq0l0gimvj2um" path="res://levels/Snow.png" id="2_81dqp"]

[sub_resource type="BoxShape3D" id="BoxShape3D_vqvb1"]
size = Vector3(1.2, 7, 1.2)

[node name="Portal" type="Node3D"]
transform = Transform3D(1, 0, 0, 0, 1, 0, 0, 0, 1, 2, 0, 0)

[node name="Ruins_01" parent="." instance=ExtResource("1_jucy3")]
transform = Transform3D(0.707107, 0, -0.707107, 0, 1, 0, 0.707107, 0, 0.707107, -3, 0, 0)

[node name="Ruins_02" parent="." instance=ExtResource("1_jucy3")]
transform = Transform3D(0.707107, 0, 0.707107, 0, 1, 0, -0.707107, 0, 0.707107, -0.171573, 0, -2.38419e-07)

[node name="StaticBody3D" type="StaticBody3D" parent="."]

[node name="CollisionShape3D" type="CollisionShape3D" parent="StaticBody3D"]
transform = Transform3D(0.707107, 0, -0.707107, 0, 1, 0, 0.707107, 0, 0.707107, -1.61062, 3.45352, 1.54455)
shape = SubResource("BoxShape3D_vqvb1")

[node name="StaticBody3D2" type="StaticBody3D" parent="."]
transform = Transform3D(1, 0, 0, 0, 1, 0, 0, 0, 1, 3.01854, 0, -3.04261)

[node name="CollisionShape3D" type="CollisionShape3D" parent="StaticBody3D2"]
transform = Transform3D(0.707107, 0, -0.707107, 0, 1, 0, 0.707107, 0, 0.707107, -1.61062, 3.45352, 1.54455)
shape = SubResource("BoxShape3D_vqvb1")

[node name="StaticBody3D3" type="StaticBody3D" parent="."]
transform = Transform3D(1, 0, 0, 0, 1, 0, 0, 0, 1, -2.90042, 0, -3.04261)

[node name="CollisionShape3D" type="CollisionShape3D" parent="StaticBody3D3"]
transform = Transform3D(0.707107, 0, -0.707107, 0, 1, 0, 0.707107, 0, 0.707107, -1.61062, 3.45352, 1.54455)
shape = SubResource("BoxShape3D_vqvb1")

[node name="Decal" type="Decal" parent="."]
transform = Transform3D(1, 0, 0, 0, 1, 0, 0, 0, 1, -1.60127, 0, -1.60127)
size = Vector3(17, 4, 17)
texture_albedo = ExtResource("2_81dqp")
modulate = Color(0.113725, 0.113725, 0.113725, 1)
