[gd_scene load_steps=14 format=3 uid="uid://d0xwn420fej48"]

[ext_resource type="PackedScene" uid="uid://dm4knx885gs4x" path="res://levels/levels/Winter.tscn" id="1_6ukpp"]
[ext_resource type="PackedScene" uid="uid://bc2p6gxb6ljsm" path="res://levels/Portal.tscn" id="2_v6won"]
[ext_resource type="PackedScene" uid="uid://dai25paaui55w" path="res://levels/levels/Fall.tscn" id="2_vws77"]
[ext_resource type="PackedScene" uid="uid://drxkc7tabuvgi" path="res://player/Crystal.tscn" id="3_jn4hl"]
[ext_resource type="PackedScene" uid="uid://bjwtx55de5njs" path="res://levels/levels/Summer.tscn" id="3_y8g4o"]
[ext_resource type="PackedScene" uid="uid://wig1pov41fvc" path="res://levels/levels/Spring.tscn" id="4_rfv43"]
[ext_resource type="PackedScene" uid="uid://dj0mo4oi5kcyu" path="res://player/Player.tscn" id="5_086np"]
[ext_resource type="PackedScene" uid="uid://0hi1003yaeqv" path="res://levels/chapel/Chapel.tscn" id="5_ijtlk"]
[ext_resource type="PackedScene" uid="uid://c4gvu6whd7flg" path="res://levels/foilage/uploads_files_2242278_AllModels_FBX/Ax_01.fbx" id="5_l1ex8"]
[ext_resource type="PackedScene" uid="uid://c1tpdau2jmqhl" path="res://levels/sword/Sword.tscn" id="5_l5qbk"]

[sub_resource type="SphereMesh" id="SphereMesh_euv1d"]
radius = 0.2
height = 0.4

[sub_resource type="StandardMaterial3D" id="StandardMaterial3D_nogyf"]
albedo_color = Color(1, 0.129412, 0, 1)
roughness = 0.4

[sub_resource type="SphereShape3D" id="SphereShape3D_kxag1"]
radius = 1.0

[node name="World" type="Node3D"]

[node name="Winter" parent="." instance=ExtResource("1_6ukpp")]

[node name="ToSummer" parent="Winter" instance=ExtResource("2_v6won")]
transform = Transform3D(1.85674, 0, -1.96023, 0, 2.7, 0, 1.96023, 0, 1.85674, -72, 0.843463, 77.6621)
teleport_distance = -400

[node name="ToSpring" parent="Winter" instance=ExtResource("2_v6won")]
transform = Transform3D(-1.96023, 0, -1.85674, 0, 2.7, 0, 1.85674, 0, -1.96023, -76.4819, 0.843463, 76.9292)
teleport_distance = -600
frame = 2

[node name="Crystal" parent="Winter" instance=ExtResource("3_jn4hl")]
transform = Transform3D(0.583881, -0.179654, 0.791711, 7.45058e-09, 0.975207, 0.221293, -0.811839, -0.129209, 0.569405, 39.0072, -1.9732, 147.875)

[node name="Chapel" parent="Winter" instance=ExtResource("5_ijtlk")]
transform = Transform3D(1, 0, 0, 0, 1, 0, 0, 0, 1, 62, 0, -41)

[node name="Sword" parent="Winter" instance=ExtResource("5_l5qbk")]
transform = Transform3D(-1.57361e-08, 0, -0.36, 0, 0.36, 0, 0.36, 0, -1.57361e-08, 21, -10, 143)
visible = false

[node name="Fall" parent="." instance=ExtResource("2_vws77")]
transform = Transform3D(1, 0, 0, 0, 1, 0, 0, 0, 1, 0, -200, 0)

[node name="ToSpring" parent="Fall" instance=ExtResource("2_v6won")]
transform = Transform3D(1.85674, 0, -1.96023, 0, 2.7, 0, 1.96023, 0, 1.85674, -72, 0.794525, 77.6621)
teleport_distance = -600
frame = 2

[node name="ToSummer" parent="Fall" instance=ExtResource("2_v6won")]
transform = Transform3D(-1.96023, 0, -1.85674, 0, 2.7, 0, 1.85674, 0, -1.96023, -76.4819, 0.794525, 76.9292)
teleport_distance = -400

[node name="Apple" type="Node3D" parent="Fall"]
transform = Transform3D(1, 0, 0, 0, 1, 0, 0, 0, 1, 7, 0.139938, 8)

[node name="apple" type="Area3D" parent="Fall/Apple" groups=["pickup"]]

[node name="mesh" type="MeshInstance3D" parent="Fall/Apple/apple"]
mesh = SubResource("SphereMesh_euv1d")
skeleton = NodePath("../../..")
surface_material_override/0 = SubResource("StandardMaterial3D_nogyf")

[node name="CollisionShape3D" type="CollisionShape3D" parent="Fall/Apple/apple"]
shape = SubResource("SphereShape3D_kxag1")

[node name="Crystal" parent="Fall" instance=ExtResource("3_jn4hl")]
transform = Transform3D(0.583881, -0.179654, 0.791711, 7.45058e-09, 0.975207, 0.221293, -0.811839, -0.129209, 0.569405, 35.7004, -4.21216, 152.689)

[node name="Chapel" parent="Fall" instance=ExtResource("5_ijtlk")]
transform = Transform3D(1, -1.74846e-07, 0, 1.74846e-07, 1, 0, 0, 0, 1, 62, -1.041, -41)

[node name="Sword" parent="Fall" instance=ExtResource("5_l5qbk")]
transform = Transform3D(-1.57361e-08, 0, -0.36, 0, 0.36, 0, 0.36, 0, -1.57361e-08, 21, -10, 143)
visible = false

[node name="Summer" parent="." instance=ExtResource("3_y8g4o")]
transform = Transform3D(1, 0, 0, 0, 1, 0, 0, 0, 1, 0, -400, 0)

[node name="ToWinter" parent="Summer" instance=ExtResource("2_v6won")]
transform = Transform3D(1.85674, 0, -1.96023, 0, 2.7, 0, 1.96023, 0, 1.85674, -72, 1, 77.6621)
frame = 3

[node name="ToFall" parent="Summer" instance=ExtResource("2_v6won")]
transform = Transform3D(-1.96023, 0, -1.85674, 0, 2.7, 0, 1.85674, 0, -1.96023, -76.4819, 1, 76.9292)
teleport_distance = -200
frame = 1

[node name="Axe" type="Node3D" parent="Summer"]
transform = Transform3D(1.3, 0, 0, 0, 1.3, 0, 0, 0, 1.3, 107.517, 1.78549, 93.2683)

[node name="AxeArea" type="Area3D" parent="Summer/Axe" groups=["pickup"]]

[node name="CollisionShape3D" type="CollisionShape3D" parent="Summer/Axe/AxeArea"]
shape = SubResource("SphereShape3D_kxag1")

[node name="Ax_01" parent="Summer/Axe/AxeArea" instance=ExtResource("5_l1ex8")]
transform = Transform3D(-0.634133, -0.0564521, 0.77116, 0.763355, -0.20454, 0.612742, 0.123143, 0.977229, 0.172799, 0, 0, 0)

[node name="Crystal" parent="Summer" instance=ExtResource("3_jn4hl")]
transform = Transform3D(0.583881, -0.179654, 0.791711, 7.45058e-09, 0.975207, 0.221293, -0.811839, -0.129209, 0.569405, 36.5869, -3.40945, 147.367)

[node name="Chapel" parent="Summer" instance=ExtResource("5_ijtlk")]
transform = Transform3D(-1, 8.74228e-08, 0, -8.74228e-08, -1, 0, 0, 0, 1, 62, -1.04907, -41)

[node name="Sword" parent="Summer" instance=ExtResource("5_l5qbk")]
transform = Transform3D(-1.57361e-08, 0, -0.36, 0, 0.36, 0, 0.36, 0, -1.57361e-08, 21, -10, 143)
visible = false

[node name="Spring" parent="." instance=ExtResource("4_rfv43")]
transform = Transform3D(1, 0, 0, 0, 1, 0, 0, 0, 1, 0, -600, 0)

[node name="ToFall" parent="Spring" instance=ExtResource("2_v6won")]
transform = Transform3D(1.85674, 0, -1.96023, 0, 2.7, 0, 1.96023, 0, 1.85674, -72, 1, 77.6621)
teleport_distance = -200
frame = 1

[node name="ToWinter" parent="Spring" instance=ExtResource("2_v6won")]
transform = Transform3D(-1.96023, 0, -1.85674, 0, 2.7, 0, 1.85674, 0, -1.96023, -76.4819, 1, 76.9292)
frame = 3

[node name="Crystal" parent="Spring" instance=ExtResource("3_jn4hl")]
transform = Transform3D(0.583881, -0.179654, 0.791711, 7.45058e-09, 0.975207, 0.221293, -0.811839, -0.129209, 0.569405, 36.9463, -1.95044, 147.625)

[node name="Chapel" parent="Spring" instance=ExtResource("5_ijtlk")]
transform = Transform3D(-1, 8.74228e-08, 0, -8.74228e-08, -1, 0, 0, 0, 1, 62, 0, -41)

[node name="Sword" parent="Spring" instance=ExtResource("5_l5qbk")]
transform = Transform3D(-1.57361e-08, 0, -0.36, 0, 0.36, 0, 0.36, 0, -1.57361e-08, 21, -10, 143)
visible = false

[node name="DirectionalLight3D" type="DirectionalLight3D" parent="."]
transform = Transform3D(0.27998, -0.342627, 0.896782, -1.49012e-08, 0.934142, 0.356901, -0.960006, -0.0999251, 0.261541, 19, 76, 0)

[node name="CharacterBody3D" parent="." instance=ExtResource("5_086np")]
transform = Transform3D(0, 0, 1, 0, 1, 0, -1, 0, 0, 0, 4.03068, 17)

[node name="Ax_01" parent="." instance=ExtResource("5_l1ex8")]
transform = Transform3D(1, 0, 0, 0, 1, 0, 0, 0, 1, 107, -400, 92)
